20
6
60
11
57
28
28
36
18
1
44
46
5
34
38
17
8
8
24
50
30
18
14
2
8
36
8
20
52
5
8
46
30
3
43
55
35
48
16
56
39
17
62
39
61
42
50
22
37
37
42
38
10
25
56
9
10
0
54
12
51
34
21
12
10
30
3
51
10
4
5
43
34
0
19
30
30
58
20
50
37
61
15
28
11
4
27
31
35
39
35
22
60
22
33
4
27
13
38
48
24
14
15
24
28
30
27
6
37
42
39
9
55
0
39
55
19
52
56
20
7
19
31
19
8
32
13
16
50
26
32
35
45
20
21
41
38
47
6
29
56
58
0
16
7
41
37
32
54
36
19
14
16
1
58
44
11
27
60
45
0
62
20
34
41
7
17
30
43
63
1
35
9
63
31
34
40
58
47
40
8
2
52
5
30
10
25
43
2
62
47
26
34
38
39
27
16
17
33
60
18
20
53
12
47
23
42
31
32
58
36
32
0
25
51
7
21
1
33
38
32
47
47
56
2
62
25
54
2
54
33
45
14
31
63
12
36
2
4
32
62
56
62
54
61
1
5
52
59
6
32
10
46
56
32
16
16
19
28
43
51
47
7
27
4
61
41
47
10
35
43
32
38
23
48
23
0
59
61
39
8
28
7
28
54
15
58
60
9
34
60
47
57
58
28
33
6
12
25
31
45
25
2
12
11
19
28
51
14
51
26
51
10
6
10
50
34
36
55
49
50
0
18
33
23
29
32
30
15
55
57
56
0
1
39
10
6
17
60
16
34
22
11
56
39
29
25
36
29
23
55
3
41
34
17
3
57
24
23
54
20
42
34
21
12
61
31
54
0
57
39
55
46
37
3
2
23
41
0
16
28
33
57
48
