23
1
55
4
42
8
7
56
50
38
7
1
54
21
29
46
11
15
19
61
13
5
23
29
43
3
35
59
7
50
51
17
29
4
32
56
49
39
11
39
4
55
20
8
14
29
9
41
38
34
33
41
25
14
35
22
41
39
29
35
0
21
46
51
9
25
8
60
25
19
30
52
1
39
56
49
45
13
47
13
38
58
4
19
24
19
0
0
0
0
8
57
15
33
26
59
24
10
45
63
11
25
20
7
63
57
48
41
22
29
28
54
52
7
44
56
0
35
35
11
36
52
52
60
59
23
54
47
49
29
43
44
62
3
14
54
5
8
45
50
11
13
59
47
4
46
46
47
37
51
8
17
51
38
17
3
56
44
7
18
3
57
31
45
58
16
10
1
8
24
42
12
58
8
36
29
43
61
36
39
27
21
47
26
61
45
50
4
49
9
20
37
33
33
44
20
3
6
58
35
49
51
30
35
28
32
17
32
35
61
47
47
19
14
40
24
54
38
10
9
19
24
20
7
1
57
18
57
17
33
58
50
45
56
20
34
23
53
62
31
61
63
53
57
46
22
30
43
24
33
11
37
29
15
27
47
19
20
23
36
32
56
28
4
39
26
2
0
57
20
16
31
37
16
59
24
19
44
38
56
43
59
44
51
5
56
1
3
10
37
55
32
42
45
7
62
37
43
50
48
30
46
57
51
8
20
23
60
29
36
1
44
41
33
33
29
17
19
12
14
49
7
25
46
4
10
59
1
44
16
18
23
51
54
28
53
5
22
55
31
49
1
16
39
4
58
50
11
46
32
12
60
42
37
26
12
42
15
12
41
55
13
9
58
63
10
36
9
3
62
44
56
61
50
24
29
52
14
43
63
47
22
2
15
