3
7
11
15
19
20
27
28
32
39
43
47
51
55
59
63
3
7
11
15
19
23
25
31
35
39
43
47
51
55
59
63
3
7
11
15
18
23
27
31
35
38
42
47
51
55
59
63
3
7
11
15
19
23
27
31
35
39
43
47
51
55
59
63
3
7
11
15
19
23
27
31
35
39
43
47
51
55
59
63
3
7
11
15
19
23
27
31
35
39
43
47
51
55
59
63
3
7
11
15
19
23
27
31
35
39
43
47
51
55
59
63
3
7
11
15
19
23
27
31
35
39
43
47
51
55
59
63
3
7
11
15
19
23
27
31
35
39
43
47
51
55
59
63
3
7
11
15
19
23
27
31
35
39
43
47
51
55
59
63
3
7
11
15
19
23
27
31
35
39
43
47
51
55
59
63
3
7
11
15
19
23
27
31
35
39
43
47
51
55
59
63
3
7
11
15
19
23
27
31
35
39
43
47
51
55
59
63
3
7
11
15
19
23
27
31
35
39
43
47
51
55
59
63
3
7
11
15
19
23
27
31
35
39
43
46
51
55
58
63
3
7
11
15
19
23
27
31
35
39
43
47
51
55
59
63
3
7
11
15
19
23
27
31
35
39
43
47
51
55
59
63
3
7
11
15
19
23
27
31
35
39
43
47
51
55
59
63
3
7
11
15
19
23
27
31
35
39
43
47
51
55
59
63
3
7
11
15
19
23
27
31
35
39
43
47
51
55
59
63
3
7
11
15
19
23
27
31
35
39
43
47
51
55
59
63
3
7
11
15
19
23
27
31
35
39
43
47
51
55
59
63
3
7
11
15
19
23
27
31
35
39
43
47
51
55
59
63
3
7
11
15
19
23
27
31
35
39
43
47
51
55
59
63
