30
31
8
26
2
3
31
11
20
30
26
2
15
25
16
17
0
17
18
23
27
21
3
7
27
9
14
10
29
5
30
8
4
8
26
11
28
20
10
1
3
21
3
27
4
17
18
13
17
30
7
27
12
1
10
29
0
18
0
29
8
18
27
18
7
31
23
21
29
7
1
17
0
4
21
10
25
8
21
10
7
31
21
6
1
9
0
25
15
15
24
12
29
5
30
8
26
9
19
8
20
30
19
16
30
28
17
14
22
20
12
19
9
12
3
27
0
25
29
31
23
24
0
6
23
2
16
17
25
9
31
7
22
21
24
16
9
0
25
18
15
26
21
7
30
15
1
9
3
6
2
28
11
7
18
16
29
16
0
3
7
23
25
9
2
12
16
14
25
16
23
14
10
2
12
17
27
19
6
22
31
26
5
18
18
5
14
28
11
14
21
29
13
6
17
1
23
26
18
12
5
26
13
9
22
3
16
21
2
21
29
29
19
3
6
15
2
6
25
26
21
14
29
16
11
1
29
5
7
21
14
27
2
4
8
30
8
0
28
28
29
20
5
27
16
18
13
26
2
2
26
24
7
9
17
15
13
26
14
4
5
26
12
19
27
24
27
2
26
9
4
4
6
10
22
24
4
20
16
31
15
3
22
15
28
11
18
3
29
13
19
26
16
6
0
8
1
30
28
31
13
10
4
26
16
6
13
3
5
24
21
15
12
6
19
23
16
30
22
19
23
11
18
7
27
23
14
17
26
24
14
30
26
2
24
5
13
3
20
22
28
18
7
31
2
26
5
6
5
26
31
8
14
3
21
9
24
13
6
0
29
22
10
17
15
10
25
22
24
23
16
9
25
10
27
28
10
25
6
30
24
25
15
3
27
6
15
22
0
19
1
20
28
24
0
24
19
19
24
2
16
22
5
18
31
21
12
18
31
30
7
18
30
18
28
16
30
14
0
8
18
19
2
9
0
4
21
18
7
16
10
0
22
28
25
30
15
28
18
3
9
27
17
0
31
4
28
10
10
1
17
16
31
7
27
13
9
31
30
31
19
29
31
24
1
27
17
1
14
11
31
0
21
30
6
20
30
18
28
16
23
7
28
14
11
13
15
7
24
21
11
30
11
26
24
16
31
12
5
28
25
1
25
22
8
7
17
22
24
19
17
14
