102
23
88
10
198
65
26
229
190
80
188
51
9
128
60
176
51
136
79
116
94
186
23
238
40
41
23
175
232
250
173
42
105
147
51
68
27
104
3
85
233
43
52
75
34
74
179
17
129
50
112
49
183
243
32
148
238
85
11
52
232
232
246
217
119
78
218
26
8
106
34
228
104
174
198
255
181
0
203
173
45
109
25
241
162
0
217
6
253
138
122
170
63
148
120
43
187
40
59
42
191
53
108
181
255
22
162
140
17
120
55
62
125
17
47
99
235
154
157
3
92
11
108
208
157
14
86
150
203
66
253
205
241
121
11
87
132
125
196
86
72
76
202
234
81
155
151
250
183
91
222
68
58
141
225
157
3
160
119
178
13
241
120
43
54
228
221
1
213
213
230
53
38
50
100
165
138
121
221
57
184
197
78
225
152
223
11
3
64
184
123
61
193
15
212
67
37
166
249
140
157
191
45
125
158
165
25
1
95
243
114
188
98
119
115
116
53
226
14
234
168
205
164
204
122
147
210
206
121
95
82
115
152
239
23
63
93
125
220
191
56
175
215
130
124
197
140
74
2
91
63
145
193
221
4
21
179
118
218
213
23
119
238
191
221
191
181
28
28
176
166
167
245
7
179
90
106
236
14
117
163
89
32
72
158
134
248
252
23
253
32
218
167
173
163
242
205
76
254
16
33
129
152
199
118
99
96
206
134
122
101
28
64
107
228
57
64
157
97
70
7
117
11
122
28
104
67
75
3
10
84
108
110
210
143
67
69
0
46
69
133
240
229
140
254
172
112
55
48
60
228
230
11
92
78
217
182
255
132
4
165
25
113
37
51
77
226
45
226
215
243
161
23
192
233
31
42
254
135
14
101
51
252
5
18
93
171
208
46
22
150
83
106
141
168
11
74
107
123
96
221
188
189
184
39
172
225
199
126
1
114
75
204
40
151
11
42
178
169
96
27
146
2
85
45
249
185
1
3
152
232
63
32
168
161
42
63
231
144
76
123
134
221
51
34
44
38
138
83
68
117
212
242
145
144
73
108
85
71
120
124
124
23
247
172
117
253
236
226
188
95
239
218
164
85
20
38
63
205
124
79
110
181
53
249
143
164
37
10
126
212
32
253
122
134
252
107
127
254
103
15
201
57
1
15
198
34
148
241
188
56
10
