29
24
3
21
17
20
4
20
23
25
17
13
28
14
11
14
3
22
25
24
8
2
24
24
4
22
17
21
2
26
1
23
7
15
17
4
15
3
17
30
0
18
8
20
23
6
9
18
18
25
12
20
31
22
17
2
31
13
31
2
23
13
4
13
4
24
28
26
14
16
26
14
3
3
30
5
10
31
14
21
4
24
30
9
18
30
27
6
16
16
7
19
2
26
1
23
25
14
24
7
7
9
8
15
29
27
26
1
5
3
23
12
10
11
8
20
19
14
6
0
8
7
31
25
8
29
15
14
26
14
20
8
5
2
3
15
10
7
18
29
28
13
14
24
29
8
10
6
16
17
25
3
20
24
13
15
2
15
31
28
4
16
18
6
17
27
11
17
26
23
28
1
25
21
23
14
24
20
13
25
12
13
30
13
13
26
17
3
20
17
10
2
14
1
26
14
4
13
9
19
6
29
6
6
5
20
11
10
1
18
22
18
0
20
29
16
29
25
6
5
10
17
2
15
8
6
22
10
20
2
21
4
1
3
3
17
27
23
7
3
30
19
14
20
3
5
22
5
29
29
5
7
24
22
14
16
14
29
5
11
22
13
23
12
24
31
16
13
9
30
31
27
5
13
29
23
23
3
11
0
16
28
9
16
3
20
13
28
30
10
24
21
3
17
27
23
2
25
23
16
30
29
31
5
19
1
6
12
22
14
14
16
19
25
12
8
15
1
9
12
20
12
25
8
8
0
21
14
25
31
5
19
9
21
3
26
14
4
31
25
15
5
28
0
29
5
26
25
26
5
0
23
13
4
30
6
11
26
29
31
30
17
1
30
28
29
2
9
27
16
27
6
10
29
0
3
21
6
25
1
7
6
16
28
24
1
4
25
19
4
26
11
31
31
11
23
0
4
3
29
19
17
14
29
12
2
23
13
0
1
24
13
1
13
3
15
29
9
11
7
1
4
25
22
3
3
30
29
20
7
17
31
21
27
18
17
28
11
9
28
22
4
14
31
0
27
3
21
9
6
26
31
12
16
0
18
10
24
21
16
0
10
4
7
2
28
26
14
29
28
4
31
10
1
25
11
1
13
3
15
20
0
23
1
24
26
20
24
27
18
0
17
24
13
3
15
28
10
14
19
10
22
2
9
23
24
14
9
7
12
14
17
