241
53
190
254
21
171
118
255
153
134
181
40
180
3
78
171
246
221
192
37
32
98
1
229
203
180
164
213
194
2
107
106
6
110
85
130
13
105
56
14
14
128
227
38
127
48
180
160
153
217
217
85
52
121
158
231
152
249
72
73
12
17
231
85
108
183
209
244
2
67
223
131
217
129
98
137
112
126
177
253
198
13
94
76
174
109
112
138
141
1
121
253
126
13
26
8
0
199
33
35
196
182
6
167
89
1
195
120
14
150
224
250
197
237
116
202
237
83
114
82
248
172
154
139
84
170
240
234
31
36
127
90
155
74
65
26
226
3
237
205
178
49
145
115
57
209
37
69
162
112
240
47
113
94
236
128
178
230
138
157
6
222
110
45
146
148
213
7
67
184
188
224
228
94
115
95
119
138
214
110
251
28
221
34
199
224
198
131
92
142
153
91
216
14
84
230
88
61
255
195
28
141
108
66
111
102
71
51
185
147
185
83
52
17
30
12
45
95
195
0
25
78
62
158
215
52
49
220
209
148
59
59
180
234
171
115
99
97
166
113
145
127
143
5
240
242
211
113
186
89
167
70
193
128
230
131
173
134
197
240
102
8
101
94
131
205
78
240
109
234
103
161
215
190
71
35
202
164
7
254
34
212
28
6
93
191
174
175
236
20
6
20
78
39
188
17
120
64
160
16
42
74
57
172
57
102
177
255
9
111
83
94
138
147
73
8
13
22
12
142
46
49
177
50
25
160
15
170
113
34
73
191
33
44
71
239
73
41
76
163
133
187
227
189
116
45
21
123
66
107
1
239
16
150
52
223
132
80
34
60
145
197
197
176
12
102
54
43
176
93
101
40
140
137
109
46
157
102
165
63
46
144
160
214
