114
30
2
60
36
70
37
8
76
22
89
43
77
25
87
107
80
66
84
105
83
87
32
27
120
39
31
77
28
18
63
65
30
40
69
44
118
72
29
4
96
52
96
56
81
121
123
26
120
112
23
114
7
10
32
119
16
7
21
5
53
114
32
11
70
15
93
40
78
18
48
30
57
37
33
120
100
31
97
97
121
121
9
34
119
127
108
34
97
47
69
110
44
74
52
49
49
16
102
69
59
56
93
95
62
22
35
57
73
40
91
82
113
115
71
33
12
2
121
77
0
126
56
123
106
30
74
95
38
61
81
75
14
117
72
0
66
83
81
67
16
25
51
109
68
76
64
114
54
116
17
114
99
50
15
106
73
75
123
87
59
47
14
69
89
14
95
43
65
109
65
102
19
55
125
91
91
22
40
6
117
69
70
24
101
107
39
17
122
72
41
99
89
18
45
27
107
64
12
119
121
84
3
60
48
46
108
106
112
48
123
104
83
109
100
20
55
81
72
45
13
16
31
19
8
54
77
34
105
13
29
13
59
75
118
2
123
116
11
52
6
122
116
4
70
106
24
87
107
112
30
117
36
82
37
105
30
52
76
120
63
40
74
59
54
30
69
27
100
105
13
71
76
31
46
56
14
51
51
99
10
65
94
121
21
122
12
13
87
70
106
76
61
19
55
32
116
41
25
14
100
36
54
70
118
51
85
121
16
61
107
40
107
74
41
13
41
53
32
69
41
7
111
124
85
123
42
41
55
19
58
80
106
102
48
1
68
97
98
46
26
89
9
31
15
23
66
97
3
46
115
89
31
55
50
5
2
15
30
16
7
96
105
17
102
121
79
2
102
35
19
10
92
53
83
9
31
24
108
118
78
114
100
56
30
123
113
76
117
82
82
9
118
86
16
6
100
25
11
48
94
33
73
102
95
82
76
107
127
114
93
37
123
117
101
30
105
96
80
50
0
64
91
0
19
122
12
39
117
36
39
110
13
90
85
72
99
55
2
2
28
60
102
46
77
117
93
2
126
38
123
103
31
17
37
54
47
59
10
60
56
39
90
18
114
50
80
34
47
93
127
65
13
43
55
121
79
51
89
98
120
118
64
72
73
115
75
63
42
4
8
27
112
119
24
67
102
42
12
39
77
70
71
26
53
115
27
53
88
17
76
73
