377
17
23
26
23
274
406
108
171
260
134
491
446
166
459
222
364
485
209
350
19
479
49
414
458
481
57
23
43
210
332
190
211
219
223
103
318
484
210
163
93
369
434
49
400
353
275
468
58
337
119
287
487
472
314
255
168
505
2
486
69
210
86
31
142
282
268
62
254
286
165
119
34
80
103
170
457
118
472
16
325
331
322
507
71
119
2
353
457
400
83
481
285
205
434
162
498
48
208
372
120
392
75
190
389
452
204
197
60
456
465
461
189
349
95
189
6
451
413
490
271
159
83
249
266
71
128
422
241
484
21
124
452
463
173
105
247
109
414
20
335
359
206
68
178
463
198
386
223
352
232
270
165
359
151
509
511
301
216
503
215
400
233
158
109
63
5
29
17
307
304
494
240
151
452
375
68
194
328
452
420
475
416
327
153
311
65
219
251
476
407
98
413
241
236
183
188
41
99
132
5
210
118
379
216
68
226
184
509
279
102
24
453
105
332
476
299
359
497
331
82
196
308
296
206
293
402
216
418
108
420
477
163
458
61
197
339
359
422
504
423
415
116
510
71
183
45
430
259
123
75
480
290
359
88
365
441
161
358
504
100
180
403
345
225
139
106
101
3
197
29
235
250
113
180
49
212
423
438
59
203
400
505
438
296
69
474
73
366
395
396
364
364
9
509
307
310
194
403
483
396
249
264
374
137
492
164
340
116
294
50
398
421
140
297
159
138
343
100
262
189
11
406
123
33
293
178
331
414
11
392
128
477
135
280
368
170
392
504
142
421
390
420
114
406
87
162
405
309
303
217
69
271
258
192
249
167
120
466
480
181
26
458
48
163
46
420
271
103
415
496
36
117
379
154
264
56
92
153
404
69
215
15
362
