9
34
22
32
42
61
17
22
9
62
27
31
35
25
27
34
12
21
18
59
30
30
36
14
17
35
22
27
29
13
59
58
17
43
53
57
12
55
33
51
52
22
57
13
60
53
37
33
42
24
44
50
35
48
0
13
48
34
60
18
2
50
18
5
58
58
62
37
12
14
7
62
35
51
42
51
43
15
2
49
28
3
17
52
63
32
4
51
17
25
28
10
62
42
4
33
57
21
28
46
0
14
0
8
2
11
26
26
63
27
62
43
48
4
22
35
47
44
14
3
6
38
3
8
55
58
35
12
12
16
55
48
12
23
24
56
51
21
2
40
30
34
25
35
6
1
62
6
60
15
51
11
5
51
4
48
0
15
13
22
57
26
5
38
21
20
8
57
43
30
36
46
51
50
57
45
35
35
61
55
8
17
11
13
38
8
45
4
18
3
39
16
51
53
52
63
15
14
45
62
9
16
55
31
22
5
10
25
15
45
41
55
40
51
25
20
39
33
6
47
45
18
15
18
30
24
23
28
23
33
42
29
51
7
21
11
51
5
1
31
16
20
33
18
39
28
27
20
10
12
28
8
54
49
41
19
59
44
7
34
9
17
4
47
27
8
63
25
61
24
58
26
16
19
62
6
8
1
41
29
6
36
52
44
9
33
24
22
13
13
23
26
13
44
46
30
27
52
48
14
31
19
13
55
62
59
38
23
46
24
12
25
3
5
21
59
35
7
57
29
3
29
48
23
49
14
23
21
6
12
3
16
2
35
34
16
43
34
0
50
28
13
18
41
39
9
10
14
55
15
11
28
54
18
27
11
42
55
20
10
14
36
61
57
53
58
40
25
32
11
49
32
36
0
4
31
23
38
42
51
5
61
62
32
