378
22
28
21
4
261
397
115
136
291
173
452
397
145
496
225
303
418
154
273
64
392
106
449
425
390
82
120
88
165
311
193
80
92
84
232
429
371
73
60
254
470
281
158
291
470
424
363
249
406
188
464
308
271
481
32
75
286
233
265
182
37
173
224
397
29
7
305
493
9
446
360
257
375
332
389
250
321
227
303
6
12
9
180
276
288
345
62
170
247
312
142
110
442
201
477
113
439
347
251
491
31
464
289
38
99
359
362
399
127
106
114
382
154
404
370
469
20
70
53
236
376
440
278
249
432
379
89
242
483
30
115
471
472
182
118
212
74
437
59
380
336
245
123
241
392
141
461
140
311
179
337
198
256
252
402
396
346
163
392
84
279
98
17
254
168
158
130
178
404
411
321
67
32
383
456
135
5
387
267
375
268
379
408
122
464
170
52
8
299
364
157
158
502
487
440
431
318
376
411
294
501
349
84
491
371
473
391
190
80
301
341
150
318
23
131
72
0
154
36
289
435
79
87
333
162
25
343
49
507
63
66
256
109
406
362
224
208
29
71
100
88
447
49
404
352
502
113
224
412
416
15
209
144
419
146
442
166
365
503
119
163
392
326
194
172
65
74
48
242
38
212
185
54
255
126
135
496
493
100
168
503
402
473
347
50
417
54
493
268
263
483
511
158
358
428
405
101
312
332
319
78
435
457
74
299
111
411
167
497
233
337
326
107
450
112
121
416
159
505
446
268
157
372
306
50
425
84
189
300
163
431
238
433
35
79
489
207
179
449
246
209
255
301
245
304
457
250
70
88
418
314
140
133
331
374
308
495
73
127
278
445
97
415
272
409
31
176
420
88
59
491
422
172
321
215
475
442
370
123
438
288
500
149
