13
7
13
10
9
11
2
5
13
9
7
11
6
5
5
13
14
10
2
5
13
0
13
12
14
2
5
2
14
9
2
9
4
2
13
11
9
12
11
15
0
1
6
9
1
5
15
0
10
8
8
14
5
8
6
7
1
7
5
6
10
9
10
11
3
0
5
10
11
11
6
6
2
8
4
10
14
5
10
15
4
9
9
12
6
10
10
12
7
8
3
13
3
13
15
7
4
15
7
9
0
8
7
15
15
8
6
4
0
2
12
8
11
1
3
15
11
13
10
1
5
8
12
10
14
4
6
1
7
8
10
8
0
15
10
3
5
6
0
8
5
1
13
13
4
6
4
5
5
1
14
4
9
7
10
12
13
2
8
5
12
3
1
6
2
9
4
8
10
7
12
9
9
14
1
2
4
5
3
2
1
5
14
12
8
14
4
8
1
6
5
5
9
1
8
1
3
5
10
7
9
9
5
0
6
3
3
11
2
12
1
10
0
5
14
4
6
10
7
14
13
8
14
0
14
0
2
11
6
10
1
3
9
9
10
13
2
13
6
14
1
13
8
11
2
10
2
10
3
1
13
7
9
7
8
0
6
9
3
15
1
7
15
14
3
11
5
14
0
15
12
13
12
11
9
13
1
0
9
11
4
8
10
6
4
4
13
13
0
14
5
2
2
14
8
13
12
9
13
11
0
1
14
5
3
12
6
12
6
8
14
9
14
12
8
6
3
2
13
9
11
8
3
9
12
3
13
15
0
8
3
12
13
5
4
9
2
12
13
8
15
12
7
3
10
5
15
1
0
6
3
14
2
15
4
6
7
5
10
7
8
7
12
7
12
5
12
7
14
0
14
13
5
0
9
7
9
13
3
11
6
13
14
3
10
9
14
6
7
10
14
10
11
10
5
8
0
11
0
3
13
13
12
12
5
14
11
7
4
11
8
15
0
11
15
9
7
5
7
0
11
4
7
0
15
1
11
2
10
7
4
14
7
10
15
4
7
8
4
4
6
12
6
8
6
15
6
1
9
3
11
3
2
6
10
4
8
15
13
11
8
4
13
10
12
0
6
6
10
4
4
6
9
0
5
7
7
14
9
14
13
1
2
14
14
14
11
2
7
10
5
4
2
4
9
1
5
0
2
0
6
13
1
0
14
9
13
15
12
8
4
8
