14
0
6
5
10
12
9
10
14
14
12
4
9
10
10
2
13
13
9
10
14
7
6
3
13
5
14
13
1
6
13
6
7
5
6
4
10
11
0
0
3
6
13
6
14
10
0
15
9
15
3
1
6
15
13
8
2
0
14
9
5
6
5
4
0
7
14
5
8
12
13
9
1
15
15
5
1
10
5
0
7
14
2
3
5
13
1
3
4
15
8
2
12
2
0
8
7
8
12
6
3
15
12
0
12
15
13
11
15
13
3
7
8
6
8
0
8
10
1
14
6
15
7
5
1
11
9
14
4
15
1
7
3
8
1
12
6
1
11
7
10
14
2
2
7
1
15
10
6
6
5
11
10
0
1
3
2
13
7
10
15
4
10
9
1
14
15
7
9
0
7
6
6
1
14
13
7
2
8
13
2
2
5
3
11
9
15
7
14
9
10
10
10
6
3
14
0
2
1
8
10
14
14
15
9
12
12
4
1
11
10
5
3
2
5
11
5
13
12
1
2
7
1
15
13
7
9
4
5
13
10
12
10
14
1
2
13
2
9
1
2
10
3
4
1
13
9
5
0
6
6
8
6
8
7
15
5
14
8
0
2
0
4
1
0
12
14
1
15
0
3
2
15
12
2
2
2
7
2
4
7
15
1
9
11
11
2
2
3
9
14
13
1
9
3
2
15
14
6
4
15
14
1
10
0
11
13
3
5
15
5
6
13
10
3
9
12
13
2
6
8
15
8
6
15
4
6
2
3
15
8
3
2
10
11
6
1
11
6
7
12
11
12
12
9
2
4
14
15
9
12
1
1
8
15
9
4
2
1
8
11
0
7
8
3
10
3
8
13
7
5
2
6
7
2
8
10
10
8
4
9
2
1
12
9
14
5
9
4
13
5
5
8
13
14
7
15
4
15
12
14
10
7
3
6
9
0
8
7
12
3
0
15
4
0
6
4
2
12
15
8
3
12
15
12
6
0
13
5
8
11
1
4
13
4
11
4
15
15
11
5
11
13
7
9
0
9
14
10
4
0
12
1
1
1
11
11
8
6
4
7
11
2
5
15
7
13
9
9
3
15
9
10
7
14
8
8
1
6
1
14
6
9
1
13
9
0
13
4
12
14
11
13
11
6
14
6
7
9
15
5
10
10
15
13
14
6
0
3
7
11
7
