18
27
90
78
26
102
58
14
101
5
4
82
57
108
4
53
69
33
39
86
56
46
5
35
10
41
44
9
53
36
111
29
41
18
99
111
117
124
57
26
19
25
43
74
120
17
95
37
51
17
50
27
77
64
9
67
32
75
25
23
111
55
87
57
43
81
106
33
117
121
103
20
60
121
66
115
75
90
68
86
67
113
26
55
20
116
92
86
55
119
127
38
37
51
42
38
118
80
56
34
1
18
97
117
50
2
10
97
1
60
47
54
94
111
78
116
124
14
55
124
125
106
123
81
6
61
117
71
39
38
48
98
56
1
87
112
121
58
3
56
97
112
120
66
107
4
83
101
44
101
21
15
72
101
44
78
11
41
74
113
27
49
89
55
47
27
83
121
3
83
110
44
114
53
30
121
80
23
69
80
83
51
72
79
51
92
126
26
107
75
39
52
125
80
111
37
119
76
49
118
7
2
74
58
115
12
110
43
102
95
40
124
97
123
67
32
74
91
66
32
12
114
2
117
61
71
25
41
126
78
8
84
121
102
26
5
120
64
46
8
57
94
17
2
122
121
52
123
36
68
90
117
5
58
82
51
91
49
45
91
8
122
121
67
31
36
66
88
68
108
2
100
115
77
100
37
76
89
31
69
11
107
7
12
48
51
20
79
102
127
58
124
89
115
112
75
81
41
124
72
31
71
108
124
106
46
38
28
105
60
56
121
37
104
113
127
79
107
48
35
86
119
58
95
70
127
86
28
36
87
91
43
24
74
88
30
112
114
98
126
2
84
37
21
8
25
88
70
92
31
105
49
66
107
118
108
48
31
21
11
19
121
97
51
72
63
55
20
50
121
21
25
59
22
42
23
77
90
125
39
93
77
69
126
