10
37
29
47
57
42
10
9
42
25
48
48
16
46
32
29
15
18
25
52
13
9
63
17
50
4
61
52
46
58
0
5
18
44
62
54
31
32
58
44
23
49
18
34
15
2
30
30
41
31
39
61
48
39
27
18
19
5
23
61
49
5
41
58
57
61
53
42
31
25
28
33
0
20
1
28
24
56
57
14
31
4
26
59
44
55
31
44
50
62
55
37
13
29
63
30
58
18
23
33
19
25
27
23
33
44
49
53
12
44
5
20
51
3
29
44
60
59
21
28
37
1
40
39
4
13
24
51
15
23
60
63
31
0
3
39
16
50
41
7
45
21
34
28
5
6
53
9
47
24
40
20
38
20
47
31
51
56
54
41
58
29
14
41
6
3
19
38
8
57
15
1
0
5
2
18
32
36
54
56
27
6
16
18
5
47
6
43
33
52
28
47
48
50
63
48
28
25
54
33
42
55
28
48
37
50
49
38
12
42
34
56
59
36
2
11
4
6
45
0
30
37
52
45
29
31
28
19
4
54
49
2
16
32
62
36
0
51
58
32
19
19
42
29
52
11
0
11
41
43
55
39
5
6
18
44
56
43
12
47
26
6
31
48
56
47
20
54
14
47
1
37
19
20
53
9
27
22
50
2
37
3
31
3
58
22
35
41
14
10
28
21
30
59
53
1
56
19
27
33
44
36
54
8
61
60
45
24
61
15
23
6
32
34
62
20
16
48
2
34
0
26
59
24
34
25
12
10
37
43
40
63
49
20
25
47
40
37
11
61
15
26
9
54
4
46
33
33
4
56
48
35
53
21
16
4
57
32
15
21
45
3
22
22
6
13
19
38
35
12
58
47
55
23
31
0
52
0
1
28
54
10
5
31
